[[8479, 8479],
 [8479, 8497],
 [8479, 89847],
 [8479, 44798],
 [58606, 58606],
 [56085, 58606],
 [58606, 60855],
 [5680, 58606],
 [79257, 79257],
 [50015, 50015],
 [36749, 36749],
 [36749, 36794],
 [91372, 91372],
 [42563, 42563],
 [25436, 42563],
 [55784, 55784],
 [47860, 47860],
 [47860, 76480],
 [26096, 26096],
 [26096, 69062],
 [26096, 96290],
 [45574, 45574],
 [45574, 54745],
 [94364, 94364],
 [64369, 94364],
 [39808, 39808],
 [14686, 14686],
 [14686, 44816],
 [38138, 38138],
 [6878, 6878],
 [6878, 86777],
 [54702, 54702],
 [54702, 74052],
 [55802, 55802],
 [25208, 55802],
 [48675, 48675],
 [33264, 33264],
 [77364, 77364],
 [57646, 57646],
 [45674, 57646],
 [20199, 20199],
 [2190, 20199],
 [18525, 18525],
 [18525, 85128],
 [13990, 13990],
 [13990, 91039],
 [87368, 87368],
 [78736, 87368],
 [68376, 87368],
 [20560, 20560],
 [20560, 62056],
 [88310, 88310],
 [33801, 88310],
 [36085, 36085],
 [36085, 63580],
 [85695, 85695],
 [85695, 85869],
 [6656, 6656],
 [58061, 58061],
 [14772, 14772],
 [66716, 66716],
 [66716, 76717],
 [16117, 66716],
 [192, 192],
 [192, 19129],
 [66894, 66894],
 [48696, 66894],
 [64899, 66894],
 [66894, 89486],
 [49042, 49042],
 [49042, 94029],
 [37304, 37304],
 [34700, 37304],
 [63413, 63413],
 [44163, 63413],
 [639, 639],
 [86777, 86777],
 [64503, 64503],
 [15900, 15900],
 [80170, 80170],
 [78710, 80170],
 [76993, 76993],
 [39367, 76993],
 [67739, 76993],
 [52883, 52883],
 [52853, 52883],
 [73535, 73535],
 [53735, 73535],
 [34463, 34463],
 [65282, 65282],
 [62885, 65282],
 [10869, 10869],
 [10661, 10661],
 [10661, 66160],
 [94419, 94419],
 [25839, 25839],
 [25839, 38259],
 [60317, 60317],
 [17360, 60317],
 [61932, 61932],
 [68968, 68968],
 [88286, 88286],
 [37367, 37367],
 [52539, 52539],
 [28351, 28351],
 [12385, 28351],
 [64369, 64369],
 [84000, 84000],
 [40408, 84000],
 [74644, 74644],
 [4674, 74644],
 [35571, 35571],
 [56085, 56085],
 [56085, 60855],
 [5680, 56085],
 [27782, 27782],
 [27778, 27782],
 [27782, 87228],
 [28570, 28570],
 [28570, 80752],
 [98787, 98787],
 [84663, 84663],
 [47976, 47976],
 [47976, 96647],
 [47976, 49746],
 [9746, 47976],
 [47976, 64979],
 [87746, 87746],
 [74866, 87746],
 [69062, 69062],
 [69062, 96290],
 [96038, 96038],
 [84100, 84100],
 [10418, 84100],
 [18014, 84100],
 [14523, 14523],
 [66976, 66976],
 [66976, 76979],
 [90272, 90272],
 [79200, 90272],
 [22907, 90272],
 [34861, 34861],
 [6308, 6308],
 [70566, 70566],
 [14297, 14297],
 [14297, 14927],
 [48696, 48696],
 [48696, 64899], [48696, 89486], [55492, 55492], [80482, 80482], [38047, 38047], [79200, 79200], [22907, 79200], [96647, 96647], [49746, 96647], [9746, 96647], [64979, 96647], [84560, 84560], [45086, 84560], [8839, 8839], [50005, 50005], [1128, 1128], [1128, 82221], [54671, 54671], [47156, 54671], [94029, 94029], [30244, 30244], [4446, 4446], [32902, 32902], [64899, 64899], [64899, 89486], [27339, 27339], [23927, 27339], [79607, 79607], [79607, 96067], [77960, 79607], [59879, 59879], [76979, 76979], [82712, 82712], [82712, 87221], [71288, 82712], [10699, 10699], [10699, 96610], [10699, 91906], [33417, 33417], [87221, 87221], [71288, 87221], [38896, 38896], [70546, 70546], [56158, 56158], [56158, 65581], [52340, 52340], [52304, 52340], [47117, 47117], [4147, 47117], [61505, 61505], [10656, 61505], [12134, 12134], [23656, 23656], [23656, 36253], [47274, 47274], [47274, 77472], [23809, 23809], [23809, 92308], [23809, 28039], [8497, 8497], [8497, 89847], [8497, 44798], [96882, 96882], [26989, 96882], [36253, 36253], [56179, 56179], [56179, 59617], [47709, 47709], [98450, 98450], [97144, 97144], [17149, 97144], [12465, 12465], [50006, 50006], [50006, 65065], [5006, 50006], [71288, 71288], [17790, 17790], [7910, 17790], [17009, 17790], [86810, 86810], [86601, 86810], [41746, 41746], [41746, 76417], [41746, 71746], [84269, 84269], [26044, 26044], [22640, 26044], [52885, 52885], [47154, 47154], [47154, 75714], [80738, 80738], [33078, 80738], [7766, 7766], [75388, 75388], [84098, 84098], [65590, 65590], [65590, 66095], [65590, 90659], [16985, 16985], [16985, 91586], [77472, 77472], [16464, 16464], [16464, 66164], [6146, 16464], [52765, 52765], [52765, 65726], [47202, 47202], [42740, 47202], [39298, 39298], [2389, 39298], [32893, 39298], [62836, 62836], [97337, 97337], [3979, 97337], [93979, 97337], [7393, 97337], [33779, 97337], [88638, 88638], [57304, 57304], [94725, 94725], [83190, 83190], [7848, 7848], [49746, 49746], [9746, 49746], [49746, 64979], [51640, 51640], [51640, 56014], [19443, 19443], [78736, 78736], [68376, 78736], [51424, 51424], [51241, 51424], [97085, 97085], [7165, 7165], [52989, 52989], [52989, 82592], [2190, 2190], [45038, 45038], [51485, 51485], [18541, 51485], [92308, 92308], [28039, 92308], [68793, 68793], [68793, 83679], [68793, 76398], [59376, 59376], [47231, 47231], [99780, 99780], [27116, 27116], [27116, 71622], [7734, 7734], [4337, 7734], [17252, 17252], [17252, 71275], [15489, 15489], [26917, 26917], [52384, 52384], [52384, 84532], [52384, 85342], [20000, 20000], [71275, 71275], [10418, 10418], [10418, 18014], [1988, 1988], [1988, 18189], [99980, 99980], [3239, 3239], [52027, 52027], [52027, 55720], [22622, 22622], [9884, 9884], [65814, 65814], [68376, 68376], [79370, 79370], [79037, 79370], [28577, 28577], [18189, 18189], [18014, 18014], [92354, 92354], [15997, 15997], [15997, 97151], [15997, 19755], [15997, 55197], [76555, 76555], [83679, 83679], [76398, 83679], [40408, 40408], [22907, 22907], [6017, 6017], [20385, 20385], [49128, 49128], [51241, 51241], [10656, 10656], [67133, 67133], [49718, 49718], [93120, 93120], [22640, 22640], [79037, 79037], [5353, 5353], [5333, 5353], [5353, 33533], [72989, 72989], [22336, 22336], [22336, 32326], [29292, 29292], [4674, 4674], [66164, 66164], [6146, 66164], [59554, 59554], [32326, 32326], [7910, 7910], [7910, 17009], [65726, 65726], [47239, 47239], [48872, 48872], [48261, 48261], [48261, 62184], [48261, 86421], [33561, 33561], [33561, 51136], [33561, 61335], [2915, 2915], [85869, 85869], [89486, 89486], [53206, 53206], [71092, 71092], [27901, 71092], [36472, 36472], [96226, 96226], [97151, 97151], [19755, 97151], [55197, 97151], [23025, 23025], [23025, 53200], [65581, 65581], [76417, 76417], [71746, 76417], [15862, 15862], [60036, 60036], [60036, 66303], [36306, 60036], [71622, 71622], [9649, 9649], [44458, 44458], [29289, 29289], [78710, 78710], [36794, 36794], [24383, 24383], [24383, 48233], [24383, 34382], [27778, 27778], [27778, 87228], [70059, 70059], [91523, 91523], [23927, 23927], [21037, 21037], [83895, 83895], [83589, 83895], [35895, 83895], [66303, 66303], [36306, 66303], [71201, 71201], [80155, 80155], [10058, 80155], [52891, 52891], [81046, 81046], [63753, 63753], [63753, 67553], [3756, 63753], [63753, 76353], [35676, 63753], [45967, 45967], [20224, 20224], [240, 20224], [20224, 44220], [62184, 62184], [62184, 86421], [66095, 66095], [66095, 90659], [37848, 37848], [37848, 87384], [48233, 48233], [34382, 48233], [2389, 2389], [2389, 32893], [60969, 60969], [25436, 25436], [52108, 52108], [95991, 95991], [40146, 40146], [17149, 17149], [61049, 61049], [14069, 61049], [84532, 84532], [84532, 85342], [19755, 19755], [19755, 55197], [55772, 55772], [55772, 75225], [44816, 44816], [18541, 18541], [90509, 90509], [5909, 90509], [24038, 24038], [60855, 60855], [5680, 60855], [86601, 86601], [69713, 69713], [17563, 17563], [82592, 82592], [74951, 74951], [83589, 83589], [35895, 83589], [2179, 2179], [2179, 9127], [2179, 21977], [2179, 17291], [33856, 33856], [57058, 57058], [57058, 85707], [6146, 6146], [87228, 87228], [52304, 52304], [86620, 86620], [1340, 1340], [66160, 66160], [7770, 7770], [67553, 67553], [3756, 67553], [67553, 76353], [35676, 67553], [96981, 96981], [19861, 96981], [91866, 96981], [53200, 53200], [74866, 74866], [81291, 81291], [29981, 81291], [81291, 89921], [29218, 81291], [36306, 36306], [52853, 52853], [19129, 19129], [28706, 28706], [76717, 76717], [16117, 76717], [3756, 3756], [3756, 76353], [3756, 35676], [11241, 11241], [17360, 17360], [55720, 55720], [10024, 10024], [2014, 10024], [10024, 14220], [63580, 63580], [71746, 71746], [11652, 11652], [51136, 51136], [51136, 61335], [14927, 14927], [63729, 63729], [240, 240], [240, 44220], [19861, 19861], [19861, 91866], [96290, 96290], [90659, 90659], [10360, 10360], [10360, 36301], [91617, 91617], [61179, 91617], [34700, 34700], [72347, 72347], [6758, 6758], [96067, 96067], [77960, 96067], [35895, 35895], [96225, 96225], [29090, 29090], [33821, 33821], [51381, 51381], [5813, 51381], [3227, 3227], [80752, 80752], [48685, 48685], [48685, 84656], [5909, 5909], [3979, 3979], [3979, 93979], [3979, 7393], [3979, 33779], [11784, 11784], [11784, 78417], [53735, 53735], [25208, 25208], [4147, 4147], [29981, 29981], [29981, 89921], [29218, 29981], [76480, 76480], [89847, 89847], [44798, 89847], [27849, 27849], [81419, 81419], [89921, 89921], [29218, 89921], [9127, 9127], [9127, 21977], [9127, 17291], [54663, 54663], [77960, 77960], [77187, 77187], [48795, 48795], [45460, 45460], [45629, 45629], [93979, 93979], [7393, 93979], [33779, 93979], [71469, 71469], [14115, 14115], [87384, 87384], [12385, 12385], [84444, 84444], [59093, 59093], [82088, 82088], [41134, 41134], [11143, 41134], [17253, 17253], [9432, 9432], [71057, 71057], [70501, 71057], [16305, 16305], [16305, 51063], [72283, 72283], [7393, 7393], [7393, 33779], [66004, 66004], [10058, 10058], [89429, 89429], [70262, 70262], [526, 526], [21977, 21977], [17291, 21977], [36301, 36301], [47156, 47156], [3282, 3282], [3282, 33828], [15942, 15942], [54745, 54745], [91586, 91586], [94579, 94579], [41444, 41444], [86427, 86427], [21168, 21168], [90156, 90156], [65065, 65065], [5006, 65065], [97501, 97501], [79041, 79041], [71904, 79041], [66353, 66353], [75714, 75714], [61335, 61335], [82639, 82639], [92146, 92146], [5333, 5333], [5333, 33533], [5301, 5301], [5301, 13053], [5301, 35150], [28039, 28039], [34382, 34382], [50376, 50376], [76353, 76353], [35676, 76353], [33168, 33168], [78417, 78417], [55197, 55197], [91039, 91039], [39367, 39367], [39367, 67739], [72453, 72453], [29218, 29218], [38259, 38259], [9746, 9746], [9746, 64979], [31540, 31540],
 [64979, 64979],
 [17291, 17291],
 [25747, 25747],
 [25747, 42557],
 [27901, 27901],
 [13854, 13854],
 [42740, 42740],
 [33533, 33533],
 [1669, 1669],
 [75225, 75225],
 [32879, 32879],
 [9621, 9621],
 [1302, 1302],
 [1302, 30312],
 [87896, 87896],
 [70501, 70501],
 [82221, 82221],
 [32003, 32003],
 [16117, 16117],
 [96704, 96704],
 [76470, 76470],
 [44163, 44163],
 [5054, 5054],
 [71904, 71904],
 [96610, 96610],
 [91906, 96610],
 [91906, 91906],
 [74052, 74052],
 [18517, 18517],
 [5981, 5981],
 [ 91906],
 [74052, 74052],
 [18517, 18517],
 [5981, 5981],
 [56347, 56347],
 [34135, 34135],
 [4337, 4337],
 [26989, 26989],
 [44798, 44798],
 [5006, 5006],
 [8958, 8958],
 [14128, 14128],
 [32893, 32893],
 [46241, 46241],
 [90945, 90945],
 [50954, 90945],
 [85342, 85342],
 [85707, 85707],
 [10205, 10205],
 [33817, 33817],
 [85128, 85128],
 [14287, 14287],
 [51063, 51063],
 [93554, 93554],
 [62885, 62885],
 [76398, 76398],
 [72180, 72180],
 [14069, 14069],
 [46819, 46819],
 [5813, 5813],
 [50954, 50954],
 [55939, 55939],
 [94749, 94749],
 [45674, 45674],
 [33779, 33779],
 [86421, 86421],
 [84656, 84656],
 [2248, 2248],
 [30781, 30781],
 [99580, 99580],
 [36859, 36859],
 [33078, 33078],
 [11143, 11143],
 [91866, 91866],
 [43561, 43561],
 [45086, 45086],
 [61179, 61179],
 [84310, 84310],
 [67739, 67739],
 [73150, 73150],
 [3050, 3050],
 [81398, 81398],
 [74160, 74160],
 [2014, 2014],
 [2014, 14220],
 [59617, 59617],
 [9164, 9164],
 [96708, 96708],
 [54264, 54264],
 [12237, 12237],
 [82196, 82196],
 [62056, 62056],
 [56014, 56014],
 [35676, 35676],
 [13053, 13053],
 [13053, 35150],
 [87973, 87973],
 [42557, 42557],
 [44220, 44220],
 [42865, 42865],
 [14220, 14220],
 [17009, 17009],
 [30312, 30312],
 [13633, 13633],
 [14063, 14063],
 [33801, 33801],
 [5680, 5680],
 [35150, 35150],
 [33828, 33828]]