1

07935	41,33
05080	40,00
00645	39,75
08090	39,50
05738	39,33
08349	39,20
08850	39,00
02202	38,25
09468	37,75
06866	36,75


2
54080	BEM Suma
61614	BIA Suma
56368	BIE Suma
55889	MOK Suma
59273	OCH Suma
57241	PRA Suma
58971	REM Suma
58124	SRO Suma
60234	TAR Suma
59597	URU Suma
50116	URY Suma
57674	WAW Suma
60372	WES Suma
55476	WIL Suma
66372	WLO Suma
60523	WOL Suma
62312	ZOL Suma

3

1	2	3	4	5	6	7	8	9	10	11	12	dziel	maksymalnoe
2900	2911	2843	4658	4717	6443	8108	6399	4641	4673	2886	2901	BEM Suma	8108
3308	3236	3354	5272	5273	7289	9274	7243	5332	5320	3334	3379	BIA Suma	9274
3067	3016	3077	4825	4834	6654	8475	6675	4852	4817	3069	3007	BIE Suma	8475
2979	2965	2977	4841	4801	6625	8452	6638	4801	4783	3048	2979	MOK Suma	8452
3171	3176	3216	5107	5158	6998	8861	6981	5128	5057	3206	3214	OCH Suma	8861
3076	3083	2990	4942	4909	6764	8575	6807	4972	5004	3027	3092	PRA Suma	8575
3216	3152	3135	5045	5090	6956	8873	7014	5046	5124	3187	3133	REM Suma	8873
3138	3109	3101	4972	5024	6875	8776	6839	5023	5020	3115	3132	SRO Suma	8776
3205	3214	3226	5171	5176	7132	9120	7147	5176	5180	3243	3244	TAR Suma	9120
3318	3214	3176	5159	5121	7040	8960	6986	5091	5096	3241	3195	URU Suma	8960
2685	2674	2680	4357	4339	5981	7519	5886	4342	4279	2711	2663	URY Suma	7519
3117	3104	3075	4920	5020	6835	8699	6836	4974	4928	3051	3115	WAW Suma	8699
3234	3267	3212	5193	5168	7131	9050	7108	5219	5198	3263	3329	WES Suma	9050
2972	2988	2988	4835	4789	6536	8284	6586	4745	4746	3029	2978	WIL Suma	8284
3590	3556	3615	5749	5694	7803	9966	7909	5699	5754	3444	3593	WLO Suma	9966
3203	3288	3201	5266	5192	7137	9117	7136	5236	5210	3250	3287	WOL Suma	9117
3366	3321	3329	5433	5322	7353	9417	7307	5346	5341	3412	3365	ZOL Suma	9417


4 lipiec 2026
5 lipiec 2035
